Child #1 (PID 9624) writing:
889 713 786 633 682 936 775 377 60 310 627 666 460 164 112 310 590 150 486 493 451 232 138 630 638 785 5 884 15 66 188 905 131 327 890 165 263 665 543 676 328 522 694 140 38 159 803 629 309 641 122 112 874 612 742 864 397 747 100 764 165 289 21 296 968 912 462 583 929 357 611 609 879 306 750 918 817 905 899 478 546 21 591 772 985 333 988 382 433 89 146 598 378 168 895 698 432 357 281 361 66 893 323 945 551 425 215 368 330 114 846 876 487 437 1 472 771 989 854 204 78 353 802 808 873 49 506 305 758 788 18 824 681 693 122 232 118 337 952 448 452 798 677 291 236 678 764 359 19 970 915 98 323 69 258 548 471 765 205 229 905 576 54 938 269 176 170 388 865 122 836 669 272 865 961 860 543 725 571 915 695 486 365 371 908 623 919 379 740 477 608 645 53 14 583 322 542 105 710 408 

Child #2 (PID 9625) writing:
889 713 786 633 682 936 775 377 60 310 627 666 460 164 112 310 590 150 486 493 451 232 138 630 638 785 5 884 15 66 188 905 131 327 890 165 263 665 543 676 328 522 694 140 38 159 803 629 309 641 122 112 874 612 742 864 397 747 100 764 165 289 21 296 968 912 462 583 929 357 611 609 879 306 750 918 817 905 899 478 546 21 591 772 985 333 988 382 433 89 146 598 378 168 895 698 432 357 281 361 66 893 323 945 551 425 215 368 330 114 846 876 487 437 1 472 771 989 854 204 78 353 802 808 873 49 506 305 758 788 18 824 681 693 122 232 118 337 952 448 452 798 677 291 236 678 764 359 19 970 915 98 323 69 258 548 471 765 205 229 905 576 54 938 269 176 170 388 865 122 836 669 272 865 961 860 543 725 571 915 695 486 365 371 908 623 919 379 740 477 608 645 53 14 583 322 542 105 710 408 

Child #3 (PID 9626) writing:
889 713 786 633 682 936 775 377 60 310 627 666 460 164 112 310 590 150 486 493 451 232 138 630 638 785 5 884 15 66 188 905 131 327 890 165 263 665 543 676 328 522 694 140 38 159 803 629 309 641 122 112 874 612 742 864 397 747 100 764 165 289 21 296 968 912 462 583 929 357 611 609 879 306 750 918 817 905 899 478 546 21 591 772 985 333 988 382 433 89 146 598 378 168 895 698 432 357 281 361 66 893 323 945 551 425 215 368 330 114 846 876 487 437 1 472 771 989 854 204 78 353 802 808 873 49 506 305 758 788 18 824 681 693 122 232 118 337 952 448 452 798 677 291 236 678 764 359 19 970 915 98 323 69 258 548 471 765 205 229 905 576 54 938 269 176 170 388 865 122 836 669 272 865 961 860 543 725 571 915 695 486 365 371 908 623 919 379 740 477 608 645 53 14 583 322 542 105 710 408 

Child #4 (PID 9627) writing:
889 713 786 633 682 936 775 377 60 310 627 666 460 164 112 310 590 150 486 493 451 232 138 630 638 785 5 884 15 66 188 905 131 327 890 165 263 665 543 676 328 522 694 140 38 159 803 629 309 641 122 112 874 612 742 864 397 747 100 764 165 289 21 296 968 912 462 583 929 357 611 609 879 306 750 918 817 905 899 478 546 21 591 772 985 333 988 382 433 89 146 598 378 168 895 698 432 357 281 361 66 893 323 945 551 425 215 368 330 114 846 876 487 437 1 472 771 989 854 204 78 353 802 808 873 49 506 305 758 788 18 824 681 693 122 232 118 337 952 448 452 798 677 291 236 678 764 359 19 970 915 98 323 69 258 548 471 765 205 229 905 576 54 938 269 176 170 388 865 122 836 669 272 865 961 860 543 725 571 915 695 486 365 371 908 623 919 379 740 477 608 645 53 14 583 322 542 105 710 408 

Child #5 (PID 9628) writing:
889 713 786 633 682 936 775 377 60 310 627 666 460 164 112 310 590 150 486 493 451 232 138 630 638 785 5 884 15 66 188 905 131 327 890 165 263 665 543 676 328 522 694 140 38 159 803 629 309 641 122 112 874 612 742 864 397 747 100 764 165 289 21 296 968 912 462 583 929 357 611 609 879 306 750 918 817 905 899 478 546 21 591 772 985 333 988 382 433 89 146 598 378 168 895 698 432 357 281 361 66 893 323 945 551 425 215 368 330 114 846 876 487 437 1 472 771 989 854 204 78 353 802 808 873 49 506 305 758 788 18 824 681 693 122 232 118 337 952 448 452 798 677 291 236 678 764 359 19 970 915 98 323 69 258 548 471 765 205 229 905 576 54 938 269 176 170 388 865 122 836 669 272 865 961 860 543 725 571 915 695 486 365 371 908 623 919 379 740 477 608 645 53 14 583 322 542 105 710 408 

